
     RDKit          2D

 27 30  0  0  0  0  0  0  0  0999 V2000
    1.4760    3.5508    0.0000 C   0  0  0  0  0  0  0  0  0  0  0  0
    0.5982    2.3344    0.0000 N   0  0  0  0  0  0  0  0  0  0  0  0
    1.4838    1.1237    0.0000 C   0  0  0  0  0  0  0  0  0  0  0  0
    2.9089    1.5919    0.0000 C   0  0  0  0  0  0  0  0  0  0  0  0
    2.9040    3.0919    0.0000 S   0  0  0  0  0  0  0  0  0  0  0  0
    4.1253    0.7141    0.0000 C   0  0  0  0  0  0  0  0  0  0  0  0
    3.9733   -0.7782    0.0000 N   0  0  0  0  0  0  0  0  0  0  0  0
    5.1897   -1.6559    0.0000 C   0  0  0  0  0  0  0  0  0  0  0  0
    6.5580   -1.0414    0.0000 N   0  0  0  0  0  0  0  0  0  0  0  0
    6.7100    0.4509    0.0000 C   0  0  0  0  0  0  0  0  0  0  0  0
    5.4936    1.3287    0.0000 C   0  0  0  0  0  0  0  0  0  0  0  0
    1.0249   -0.3044    0.0000 C   0  0  0  0  0  0  0  0  0  0  0  0
   -0.4413   -0.6210    0.0000 C   0  0  0  0  0  0  0  0  0  0  0  0
   -0.9002   -2.0491    0.0000 C   0  0  0  0  0  0  0  0  0  0  0  0
    0.1071   -3.1605    0.0000 C   0  0  0  0  0  0  0  0  0  0  0  0
    1.5733   -2.8439    0.0000 C   0  0  0  0  0  0  0  0  0  0  0  0
    2.0322   -1.4158    0.0000 C   0  0  0  0  0  0  0  0  0  0  0  0
   -2.3664   -2.3657    0.0000 N   0  0  0  0  0  0  0  0  0  0  0  0
   -3.3737   -1.2542    0.0000 S   0  0  0  0  0  0  0  0  0  0  0  0
   -2.2622   -0.2469    0.0000 O   0  0  0  0  0  0  0  0  0  0  0  0
   -4.4851   -2.2615    0.0000 O   0  0  0  0  0  0  0  0  0  0  0  0
   -4.3810   -0.1428    0.0000 C   0  0  0  0  0  0  0  0  0  0  0  0
   -3.9221    1.2853    0.0000 C   0  0  0  0  0  0  0  0  0  0  0  0
   -4.9294    2.3968    0.0000 C   0  0  0  0  0  0  0  0  0  0  0  0
   -6.3956    2.0802    0.0000 C   0  0  0  0  0  0  0  0  0  0  0  0
   -6.8545    0.6521    0.0000 C   0  0  0  0  0  0  0  0  0  0  0  0
   -5.8472   -0.4594    0.0000 C   0  0  0  0  0  0  0  0  0  0  0  0
  1  2  2  0
  2  3  1  0
  3  4  2  0
  4  5  1  0
  4  6  1  0
  6  7  2  0
  7  8  1  0
  8  9  2  0
  9 10  1  0
 10 11  2  0
  3 12  1  0
 12 13  2  0
 13 14  1  0
 14 15  2  0
 15 16  1  0
 16 17  2  0
 14 18  1  0
 18 19  1  0
 19 20  2  0
 19 21  2  0
 19 22  1  0
 22 23  2  0
 23 24  1  0
 24 25  2  0
 25 26  1  0
 26 27  2  0
  5  1  1  0
 11  6  1  0
 17 12  1  0
 27 22  1  0
M  END
$$$$
