
     RDKit          2D

 29 33  0  0  0  0  0  0  0  0999 V2000
   -0.6419   -2.0937    0.0000 C   0  0  0  0  0  0  0  0  0  0  0  0
   -0.8609   -0.6098    0.0000 C   0  0  0  0  0  0  0  0  0  0  0  0
    0.3147    0.3219    0.0000 C   0  0  0  0  0  0  0  0  0  0  0  0
    1.7094   -0.2304    0.0000 C   0  0  0  0  0  0  0  0  0  0  0  0
    1.9284   -1.7143    0.0000 N   0  0  0  0  0  0  0  0  0  0  0  0
    0.7528   -2.6460    0.0000 C   0  0  0  0  0  0  0  0  0  0  0  0
    0.9718   -4.1299    0.0000 O   0  0  0  0  0  0  0  0  0  0  0  0
    2.8850    0.7012    0.0000 N   0  0  0  0  0  0  0  0  0  0  0  0
    4.2796    0.1489    0.0000 C   0  0  0  0  0  0  0  0  0  0  0  0
    4.4986   -1.3350    0.0000 C   0  0  0  0  0  0  0  0  0  0  0  0
    5.8932   -1.8873    0.0000 C   0  0  0  0  0  0  0  0  0  0  0  0
    7.0688   -0.9556    0.0000 C   0  0  0  0  0  0  0  0  0  0  0  0
    6.8498    0.5283    0.0000 C   0  0  0  0  0  0  0  0  0  0  0  0
    5.4552    1.0806    0.0000 C   0  0  0  0  0  0  0  0  0  0  0  0
    0.0957    1.8058    0.0000 C   0  0  0  0  0  0  0  0  0  0  0  0
    1.2713    2.7374    0.0000 O   0  0  0  0  0  0  0  0  0  0  0  0
   -1.2989    2.3581    0.0000 N   0  0  0  0  0  0  0  0  0  0  0  0
   -2.4745    1.4265    0.0000 C   0  0  0  0  0  0  0  0  0  0  0  0
   -3.8691    1.9788    0.0000 O   0  0  0  0  0  0  0  0  0  0  0  0
   -2.2555   -0.0575    0.0000 N   0  0  0  0  0  0  0  0  0  0  0  0
   -3.4311   -0.9891    0.0000 C   0  0  0  0  0  0  0  0  0  0  0  0
   -4.8257   -0.4368    0.0000 C   0  0  0  0  0  0  0  0  0  0  0  0
   -6.0013   -1.3684    0.0000 C   0  0  0  0  0  0  0  0  0  0  0  0
   -5.7823   -2.8524    0.0000 C   0  0  0  0  0  0  0  0  0  0  0  0
   -4.3877   -3.4047    0.0000 C   0  0  0  0  0  0  0  0  0  0  0  0
   -3.2121   -2.4730    0.0000 C   0  0  0  0  0  0  0  0  0  0  0  0
   -1.5179    3.8420    0.0000 C   0  0  0  0  0  0  0  0  0  0  0  0
   -2.4496    5.0176    0.0000 C   0  0  0  0  0  0  0  0  0  0  0  0
   -0.9656    5.2366    0.0000 C   0  0  0  0  0  0  0  0  0  0  0  0
  1  2  2  0
  2  3  1  0
  3  4  2  0
  4  5  1  0
  5  6  1  0
  6  7  2  0
  4  8  1  0
  8  9  1  0
  9 10  2  0
 10 11  1  0
 11 12  2  0
 12 13  1  0
 13 14  2  0
  3 15  1  0
 15 16  2  0
 15 17  1  0
 17 18  1  0
 18 19  2  0
 18 20  1  0
 20 21  1  0
 21 22  2  0
 22 23  1  0
 23 24  2  0
 24 25  1  0
 25 26  2  0
 17 27  1  0
 27 28  1  0
 28 29  1  0
  6  1  1  0
 20  2  1  0
 14  9  1  0
 26 21  1  0
 29 27  1  0
M  END
$$$$
